id,age,sex,fracture,weight_kg,height_cm,medication,waiting_time,bmd,T-Score
469,57.05276775,0,0,64.0,155.5,Anticonvulsant,18,0.8793,20.219871900221154
8724,75.7412248,0,0,78.0,162.0,No medication,56,0.79460001,8.909897500330676
6736,70.7789,1,0,73.0,170.5,No medication,10,0.90670002,23.8785916327322
24180,78.24717531,0,0,60.0,148.0,No medication,14,0.7112,-2.2264908044449245
17072,54.1918766,1,0,55.0,161.0,No medication,20,0.79089999,8.415834496556021
3806,77.17775151,1,0,65.0,168.0,No medication,7,0.73009998,0.2972201187611039
17106,56.18061769,1,0,77.0,159.0,No medication,26,1.0096,37.61880741728239
23834,49.91613988,0,0,59.0,150.0,No medication,9,0.73100001,0.41740096245582003
2454,68.40840332,1,0,64.0,167.0,Glucocorticoids,6,0.6893,-5.150793857581082
2088,66.25664804,1,0,72.0,159.5,No medication,10,0.94660002,29.206431441870663
5364,45.86658172,1,0,62.0,169.0,No medication,12,0.80150002,9.831254592096421
8922,73.97047074,0,0,68.0,164.0,No medication,5,0.57929999,-19.839075368449006
23890,60.55541712,0,0,76.0,155.0,No medication,11,0.97600001,33.13220680804292
3047,64.2131031,1,0,90.0,175.0,Glucocorticoids,28,0.91839999,25.440886518239115
2179,53.3954402,1,0,70.0,162.5,No medication,73,0.80199999,9.898015496090784
3800,66.82546218,1,0,76.0,171.0,No medication,13,0.80330002,10.071608267696657
7528,57.93459324,1,0,67.0,160.0,Glucocorticoids,5,0.7978,9.337191588321769
5288,40.23236742,1,0,66.0,165.0,No medication,8,1.039,41.54458411875282
109,69.04817915,0,0,72.0,154.0,No medication,11,0.78609997,7.774888691025673
8622,57.80229798,0,0,50.0,152.0,No medication,21,0.82539999,13.022613278893793
23843,58.19132915,0,0,59.0,154.0,No medication,10,0.84990001,16.294096534048908
4205,46.08154976,1,0,73.0,171.0,No medication,37,0.89819998,22.743582823427197
159,65.79535204,0,0,74.0,145.0,No medication,14,0.77380002,6.1324785842484175
8960,60.18946129,0,0,55.0,153.5,Glucocorticoids,22,0.83770001,14.665032732758451
23586,54.99218408,1,0,75.0,172.0,No medication,64,0.81260002,11.313435591631185
398,51.43071736,0,0,67.5,154.0,Glucocorticoids,10,0.92339998,26.108534281830444
6732,70.19857261,1,0,68.0,167.0,No medication,5,1.0405999,41.7582184774155
688,77.15502036,1,0,69.0,166.0,Glucocorticoids,9,1.002,36.60398078697029
338,70.42187319,0,0,55.0,162.0,Anticonvulsant,15,0.625,-13.736761269300477
5292,75.01547985,1,0,69.0,173.5,No medication,22,0.9364,27.844424609539622
7776,54.91253353,1,0,69.0,168.0,No medication,20,1.0908999,48.474768412244195
23867,70.0285031,0,0,59.0,155.0,No medication,17,0.80790001,10.685844103376828
6981,48.81687141,1,0,96.0,169.0,No medication,33,0.89950001,22.917175595033072
8704,49.78743656,0,0,46.0,150.0,No medication,17,0.73500001,0.9515202415674466
17086,41.41761507,1,0,66.0,160.0,No medication,23,1.0003,36.376980093347846
812,67.92438462,1,0,80.0,170.0,No medication,13,1.0128,38.04610284057167
22723,60.8313568,1,0,70.0,159.5,No medication,8,1.0265,39.875461371529
6726,62.71790768,1,0,78.0,161.0,No medication,8,0.8994,22.90382127775708
2789,69.65373122,1,0,80.0,164.0,No medication,21,1.0031,36.750863588726
326,81.47969034,0,0,78.0,145.0,No medication,21,0.90609998,23.79846839967266
55,73.23042708,0,0,52.0,153.0,No medication,89,0.71280003,-2.012839086905684
424,54.42421077,0,0,71.0,165.0,No medication,17,1.0266,39.88881435350679
342,66.64486617,0,0,60.0,153.0,No medication,18,0.963,31.39631781563193
276,83.84773532,1,0,79.0,163.0,No medication,6,0.84289998,15.359383789708964
23912,67.65108105,0,0,56.0,150.0,No medication,5,0.92619997,26.48241644191038
23828,82.42315923,0,0,74.0,156.0,No medication,25,0.81709999,11.914315774737172
2111,54.23390445,1,0,50.0,169.0,No medication,12,0.71280003,-2.012839086905684
181,42.81703317,0,0,56.0,151.0,No medication,10,0.88880002,21.48840785870767
197,69.72844532,1,0,84.0,164.5,Glucocorticoids,13,1.3624001,84.72814118790977
5509,76.8639147,1,0,88.0,167.0,No medication,8,1.0015,36.537215877081344
2024,43.45071208,1,0,75.0,165.0,Glucocorticoids,16,1.0197999,38.98079822603505
2155,67.57338008,1,0,39.0,159.0,No medication,19,0.55140001,-23.564554669656193
35,56.20812741,0,0,68.0,150.5,No medication,18,0.71710002,-1.4386621971588944
6973,88.7537953,1,0,58.0,153.0,Glucocorticoids,19,0.85479999,16.948389980364244
334,70.40792405,0,0,79.0,153.0,No medication,14,0.7766,6.506359409030151
8971,62.06523735,0,0,85.0,148.5,Glucocorticoids,7,0.7999,9.617604209855386
362,61.18467166,0,0,67.0,149.0,No medication,6,0.80129999,9.804544622246246
17116,48.28948823,1,0,68.0,160.0,No medication,14,0.9716,32.54467426572194
134,49.73132379,0,0,72.0,160.5,No medication,60,0.98509997,34.347322826829085
3088,36.64831103,1,0,54.0,175.0,No medication,11,0.85600001,17.108628434694136
23861,63.67318436,0,0,63.0,158.0,No medication,34,0.70950001,-2.4534901627691807
22162,74.17835572,1,0,60.0,166.0,No medication,18,0.63380003,-12.561694849360311
9051,63.28728844,0,0,62.0,165.5,No medication,28,0.73839998,1.4055176229177249
8906,56.95872053,0,0,59.0,164.0,No medication,11,0.73470002,0.9114626309322688
8829,46.56490164,0,0,56.0,157.0,No medication,27,0.73460001,0.8981083136562751
8854,47.02465066,0,0,47.0,148.5,Glucocorticoids,22,0.64960003,-10.451923696869382
3090,84.78739433,1,0,68.0,165.0,No medication,11,1.2508,69.82619994771343
304,54.40617797,0,0,69.0,160.0,No medication,8,0.88190001,20.567050766941907
8896,51.59653972,0,0,54.0,154.0,No medication,13,0.7755,6.359476607274455
8674,61.17008505,0,0,70.0,152.0,No medication,11,0.8599,17.62939339652977
22168,73.94030609,1,0,75.0,164.5,Glucocorticoids,8,0.8829,20.700579251421622
8590,54.77277445,0,0,62.0,158.0,No medication,8,0.79659998,9.176953133991889
24097,66.67269226,1,0,75.0,166.0,No medication,10,0.77579999,6.399534217909633
24051,59.46131701,0,0,82.0,148.5,No medication,13,0.90359998,23.464643850227887
8850,50.36051644,0,0,73.0,161.5,Glucocorticoids,15,0.86379999,18.150158358365402
9016,55.41170957,0,0,59.0,160.0,No medication,6,0.75099999,3.0879946874175443
191,56.54581828,1,0,71.0,166.0,No medication,15,1.0839,47.540073026780846
7831,63.48783737,1,0,55.0,164.0,Glucocorticoids,11,0.74089998,1.7393421723624989
2181,72.08055823,1,0,69.0,164.0,No medication,9,0.99900001,36.203392662934775
8642,58.26221496,0,0,51.0,150.5,Anticonvulsant,9,0.58990002,-18.423655272908604
5360,58.67087154,1,0,62.0,170.0,No medication,24,0.87199998,19.245101545246047
6924,58.33505192,1,0,91.0,176.0,No medication,24,1.1335,54.16315208776499
6696,39.25494707,1,0,76.0,173.5,No medication,6,1.0502,43.04011810026539
8999,60.23658177,0,0,70.0,158.0,Glucocorticoids,8,0.8362,14.464736667793394
8751,63.76954463,0,0,56.0,152.0,Glucocorticoids,7,0.72149998,-0.8511363313288844
2143,44.23967859,1,0,81.0,177.0,No medication,7,0.9824,33.98679631932333
17182,79.39970672,1,0,76.0,161.0,No medication,14,0.9436,28.80583931194055
17128,65.13435742,1,0,67.0,157.0,No medication,5,0.86220002,17.936514652615347
23855,66.55921764,0,0,63.0,159.0,No medication,10,0.78049999,7.027124370865798
5495,35.81405763,1,0,79.0,168.5,No medication,33,0.7895,8.228894084165148
22768,69.08663791,1,0,77.0,145.0,No medication,38,0.85089999,16.427623683230422
17052,59.26117883,1,0,55.0,163.0,Glucocorticoids,23,0.76599997,5.09093931348975
23625,59.70722073,1,0,78.0,175.0,No medication,29,0.85930002,17.54927817525943
8950,61.60041411,0,0,68.0,159.0,No medication,7,0.91390002,24.840006335133126
175,69.23719028,0,0,78.0,158.0,No medication,39,0.7586,4.102822653027846
17100,52.32252245,1,0,71.0,165.0,No medication,21,0.87760001,19.99287254189691
24200,72.77238723,0,0,81.0,149.5,Glucocorticoids,9,0.509,-29.226220363537635
17140,60.22138607,1,0,94.0,166.0,No medication,18,1.0617,44.57571102771132
24208,58.81240985,0,0,74.0,149.0,No medication,38,0.83069998,13.730319988418506
8574,54.49762635,0,0,57.0,165.5,No medication,29,0.73110002,0.4307552797317989
23904,52.90099358,0,0,61.0,154.0,No medication,9,0.97060001,32.41114578124222
17178,63.02469707,1,0,71.0,161.0,No medication,12,1.0366,41.224112551285856
8876,64.0659499,0,0,60.0,165.0,No medication,11,0.77819997,6.720003114780209
17090,52.79292063,1,0,77.0,175.5,No medication,19,0.88880002,21.48840785870767
6684,49.20966328,1,0,66.0,157.0,No medication,47,0.72689998,-0.13007530452819444
23794,68.57130833,0,0,48.0,161.0,No medication,6,0.70959997,-2.4401425219841797
77,77.9064001,0,0,50.0,152.0,No medication,0,0.61220002,-15.44594029186129
24204,68.55087894,0,0,70.0,154.0,No medication,14,0.83899999,14.838618827873331
6676,44.68312684,1,0,67.0,172.0,No medication,6,0.90100002,23.117471659998127
69,67.92552839,0,0,62.0,159.0,No medication,30,1.0176001,38.6870593284876
8592,68.06825266,0,0,49.0,144.0,No medication,51,0.75089997,3.074639034843361
23790,52.47831105,0,0,59.0,150.5,No medication,6,0.73140001,0.47081289036697677
6702,60.88359606,1,0,73.0,166.5,No medication,5,0.83700001,14.571561858913912
5320,43.46317104,1,0,51.0,162.0,No medication,23,0.796,9.096837912721549
2306,57.56917982,1,0,74.0,176.0,Anticonvulsant,29,1.0287,40.16922697504039
446,56.96445803,1,0,64.5,162.0,Glucocorticoids,9,0.72009999,-1.0380767437197582
6602,52.24655176,1,0,64.0,168.0,No medication,10,0.61870003,-14.5779951280067
23873,56.93126646,0,0,60.0,159.0,Anticonvulsant,40,0.67439997,-7.140392178166492
8892,66.33562311,0,0,62.0,150.5,No medication,5,0.86809999,18.724336583410413
165,83.09364681,0,1,52.0,156.0,Anticonvulsant,20,0.45860001,-35.95612194504593
690,81.48136958,1,1,54.0,154.0,Glucocorticoids,12,0.48179999,-32.85823279679489
5350,53.53171717,1,1,69.0,163.5,No medication,32,0.52789998,-26.70250944033159
434,69.21393466,0,1,56.0,157.0,No medication,15,0.52850002,-26.62238620727207
278,73.06759806,1,1,54.0,166.0,No medication,31,0.52869999,-26.59568424921107
2029,87.93494224,1,1,57.0,156.5,No medication,69,0.53869998,-25.260387386730212
103,77.76867742,0,1,61.0,150.0,No medication,7,0.54189998,-24.83309196344091
382,81.08738516,0,1,50.0,149.5,No medication,7,0.55150002,-23.551200352380214
23919,53.7692897,0,1,40.0,150.0,Glucocorticoids,34,0.55790001,-22.696610841099808
5348,80.77319346,1,1,79.0,159.0,Glucocorticoids,10,0.56760001,-21.401371589254108
224,76.94473691,0,1,37.0,152.0,No medication,7,0.56349999,-21.94884652093993
2458,82.40717913,1,1,48.0,158.0,No medication,21,0.57209998,-20.800491406148133
322,57.58119772,0,1,36.0,152.0,No medication,35,0.52939999,-26.502213375366534
302,77.81962254,0,1,48.0,151.0,No medication,32,0.55470002,-23.123904929090916
67,76.74551614,0,1,52.0,146.0,Glucocorticoids,20,0.56029999,-22.376141944229232
4335,54.15273476,1,1,79.0,161.0,No medication,38,0.5693,-21.174372230929865
24031,72.27013664,0,1,50.0,154.0,No medication,47,0.60009998,-17.061656452366748
24027,68.01774844,0,1,58.0,153.0,No medication,8,0.6103,-15.699649620035709
442,88.02415052,1,1,52.0,151.5,No medication,12,0.62040001,-14.350997104980648
23995,69.97770123,0,1,85.0,148.5,No medication,26,0.62639999,-13.549820856909601
145,71.17212415,0,1,63.0,148.0,Glucocorticoids,59,0.40759999,-42.76614542431555
5503,70.94756425,1,1,59.0,167.0,No medication,21,0.44069999,-38.34630838966685
8938,74.7968828,0,1,48.0,160.0,No medication,96,0.48519999,-32.40423140955001
87,83.21982284,0,1,51.0,150.0,No medication,9,0.55549997,-23.01708774975958
17082,81.97955903,1,1,66.0,166.0,No medication,23,0.56150001,-22.215903489899336
2006,85.90159463,1,1,57.0,163.0,No medication,24,0.61019999,-15.713003937311687
4070,71.47172115,1,1,62.0,177.0,No medication,6,0.62970001,-13.10916978104612
24190,76.73260358,0,1,73.0,155.5,No medication,11,0.63849998,-11.934111372895137
2314,83.67835729,1,1,56.0,168.0,No medication,7,0.63880002,-11.894047085768968
292,85.57631118,0,1,41.0,142.0,No medication,7,0.64090002,-11.613634464235364
24192,70.81094137,0,1,66.0,151.0,No medication,14,0.64319998,-11.306521219938972
24182,68.68328771,0,1,48.0,154.0,No medication,13,0.64480001,-11.092869502399731
2018,86.85986938,1,1,54.0,170.0,Anticonvulsant,29,0.64950001,-10.465279349443566
5523,80.06020512,1,1,62.0,162.5,Anticonvulsant,15,0.67079997,-7.621099529366947
9028,61.64450359,0,1,55.0,162.0,No medication,34,0.68800002,-5.324379952695962
3079,66.80418542,1,1,61.0,168.5,No medication,17,0.6882,-5.297676659336778
834,37.46199496,1,1,55.0,156.0,No medication,7,0.68839997,-5.270974701275798
17104,63.4419661,1,1,64.0,174.0,No medication,23,0.68989998,-5.070678636310741
354,51.04837034,0,1,68.0,164.5,No medication,38,0.6904,-5.003911055825386
23902,48.52365084,0,1,55.0,159.5,No medication,11,0.6904,-5.003911055825386
5298,41.35119985,1,1,45.0,159.5,No medication,6,0.7076,-2.7071981556453943
2797,84.72176364,1,1,52.0,161.0,No medication,32,0.70850003,-2.587017311950693
2020,59.07608201,1,1,64.0,170.0,No medication,20,0.72460002,-0.437188548824587
23824,50.27605888,0,1,60.0,170.0,Anticonvulsant,48,0.73989999,1.6058136878827818
7192,67.25216263,1,1,80.0,172.0,No medication,8,0.77450001,6.225948122794753
21892,77.98254308,1,1,74.0,164.0,No medication,49,0.79409999,8.84312991984532
24140,50.28530296,0,1,59.0,161.0,No medication,6,0.79710001,9.243722049775434
6969,46.35972067,1,1,67.0,169.0,No medication,10,0.80369997,10.125013519116836
5505,54.78836776,1,1,70.0,166.0,No medication,14,0.80720001,10.59237322953229
71,69.99482235,0,1,68.5,165.0,No medication,25,0.8664,18.497337225086156
23795,67.98758693,1,0,76.0,150.0,Anticonvulsant,26,0.78460001,7.574599302551608
471,56.56564466,1,0,67.0,166.0,No medication,9,0.80670002,10.525609654941533
8744,58.78799659,1,0,87.0,163.0,No medication,6,0.8112,11.126491173345727
6706,76.5755547,0,0,89.0,177.0,No medication,10,0.71087999,-2.2692216820720574
24184,77.56564574,0,0,67.0,155.5,No medication,12,0.63009998,-13.055761859029548
17972,75.54574847,1,0,66.0,168.0,No medication,5,0.76699,5.223137840964467
3856,78.54747446,1,0,67.5,142.0,No medication,11,0.53100001,-26.2885629931255
17136,47.5654747,0,0,69.0,151.0,No medication,28,0.88893,21.5057640646824
23804,67.54764747,0,0,76.0,154.0,Glucocorticoids,73,0.77660002,6.506362079626545
2054,69.65748489,0,0,72.0,170.0,No medication,13,0.80150002,9.831254592096421
2188,69.46747467,0,0,74.0,162.5,No medication,5,0.57929999,-19.839075368449006
2300,87.65785975,0,0,92.0,162.0,No medication,8,0.42600001,-40.309194069805685
56,98.56767659,1,0,83.0,168.5,No medication,11,0.47839999,-33.312234184039774
3001,87.45658976,1,0,73.0,156.0,Glucocorticoids,21,0.62199999,-14.1373520639324
1,65.56456754,0,0,83.0,174.0,No medication,10,0.70330002,-3.2813737100939946
2500,45.37589575,1,0,82.0,164.5,No medication,37,0.89782323,22.693275463825866
8003,46.43654964,1,0,84.0,159.5,Glucocorticoids,14,0.9392327,28.222674530024502
3456,90.34903869,0,0,79.0,159.5,No medication,22,0.68609997,-5.578093286764979
3008,89.34589387,1,0,70.0,161.0,No medication,64,0.62539999,-13.683350676687509
3207,67.48364034,0,1,72.0,170.0,No medication,10,0.64990001,-10.411867421532408
3890,89.56946859,1,1,54.0,170.0,No medication,5,0.49819998,-30.66834508773542
31082,78.54684569,0,1,45.0,172.0,No medication,9,0.57380002,-20.5734853713329
2690,89.43578963,1,1,55.0,164.0,No medication,15,0.53770001,-25.393913200613518
3456,67.56849865,0,1,76.0,161.0,Glucocorticoids,22,0.61260002,-15.392528363950118
3218,66.54654643,0,1,66.0,169.0,No medication,20,0.62339998,-13.950411651541527
3089,34.35890645,0,1,56.0,166.0,Glucocorticoids,17,0.7405999,1.69927254404354
35012,87.45465455,1,1,58.0,165.0,No medication,33,0.4402,-38.41307196425761
8560,67.5464774,1,1,50.0,167.0,Glucocorticoids,17,0.625,-13.736761269300477
4,66.46744355,0,1,45.0,159.5,Anticonvulsant,23,0.5364,-25.567503301623
36,83.34254366,1,1,44.0,169.0,No medication,13,0.4908999,-31.643123454499722
2301,54.4535325,0,1,72.0,164.0,No medication,8,0.60790001,-16.020119852204473
3567,55.45435366,1,1,51.0,155.0,No medication,8,0.59950001,-17.141770338338898
69,55.56463636,0,1,52.0,175.0,No medication,21,0.63500001,-12.401461736223219
169,67.4534636,0,0,67.0,162.5,No medication,21,0.80003,9.63496308642651
970,78.45636375,0,1,56.0,171.0,No medication,89,0.60128,-16.904088594432412
701,78.67567586,1,1,59.0,160.0,No medication,17,0.60265,-16.721152741336684
3756,98.56757446,1,1,50.0,165.0,No medication,18,0.4994,-30.508106633405536
3,45.43637648,1,0,51.0,154.0,No medication,6,0.90031,23.025333413754982
809,56.5646467,0,0,54.0,152.0,No medication,5,0.73609998,1.098399037428544
2400,76.67465646,0,1,76.0,154.0,No medication,25,0.51280003,-28.718803042487
368,62.24353465,0,1,78.0,171.0,No medication,12,0.60266,-16.71981744313891
680,66.45353522,1,0,79.0,145.0,No medication,10,0.7963,9.136896858654916
458,65.45324262,0,0,75.0,153.5,No medication,13,0.74289998,2.006401811918312
3876,87.56345525,0,1,73.0,172.0,No medication,8,0.42619997,-40.282493447042896
2,43.3534536,0,0,89.0,154.0,No medication,16,0.81709999,11.914315774737172
2567,65.6676788,0,1,87.0,167.0,No medication,19,0.571280003,-20.90998278718015
2890,54.3453456,1,0,88.0,166.0,No medication,18,0.78880002,8.135425880917017
20096,61.45363667,1,1,54.0,162.0,No medication,19,0.63624001,-12.235884759698614
3908,70.78567575,1,1,55.0,173.5,Glucocorticoids,14,0.50015,-30.40795926857211
2560,66.33562311,1,1,44.0,168.0,No medication,7,0.60197999,-16.81061905588608
32874,83.09364681,0,0,48.0,155.0,Glucocorticoids,6,0.55140001,-23.564554669656193
18567,81.48136958,0,0,49.0,169.0,No medication,14,0.61710002,-14.791644174949546
2600,53.53171717,0,1,50.0,150.0,No medication,60,0.55479999,-23.11055595300771
3765,69.21393466,1,0,60.0,160.0,Glucocorticoids,11,0.7766,6.506359409030151
6,73.06759806,1,0,61.0,170.0,No medication,34,0.7999,9.617604209855386
19273,87.93494224,1,0,65.0,159.5,Glucocorticoids,18,0.50129999,-30.254401311125708
19782,77.76867742,0,0,68.0,161.0,No medication,28,0.6716,-7.514271667650034
15779,81.08738516,0,1,69.0,164.0,No medication,11,0.48509997,-32.4175870621242
600,53.7692897,1,0,65.0,145.0,No medication,27,0.75600001,3.7556464569034715
3984,80.77319346,1,0,75.0,153.0,No medication,22,0.50950001,-29.15945411835048
16980,76.94473691,0,0,65.0,165.0,No medication,11,0.63380003,-12.561694849360311
16543,82.40717913,0,0,73.0,153.0,No medication,8,0.73839998,1.4055176229177249
14800,57.58119772,0,0,84.0,163.0,No medication,18,0.73470002,0.9114626309322688
14679,77.81962254,0,0,88.0,150.0,No medication,56,0.63460001,-12.454873664134377
3958,76.74551614,1,1,97.0,156.0,No medication,10,0.64960003,-10.451923696869382
9,54.15273476,1,0,96.0,169.0,Glucocorticoids,14,0.92508,26.33286704965372
15680,72.27013664,1,0,99.0,151.0,No medication,20,0.68190001,-6.138913188639395
10293,57.05276775,0,0,68.0,164.5,No medication,7,0.7755,6.359476607274455
18204,75.7412248,1,0,76.0,167.0,No medication,26,0.68599,-5.592777561045957
501,70.7789,1,0,83.0,165.0,No medication,9,0.78829,8.06732300223389
18927,78.24717531,0,1,65.0,159.0,Glucocorticoids,6,0.4796599,-33.143998628803395
3100,54.1918766,1,0,98.0,150.5,No medication,10,0.77579999,6.399534217909633
11,77.17775151,1,0,56.0,153.0,No medication,12,0.690359,-5.00938577843629
123478,56.18061769,0,0,47.0,153.0,No medication,5,0.76379999,4.7971763805747525
109268,49.91613988,0,0,59.0,148.5,Glucocorticoids,11,0.85099999,16.44097666520821
3124,68.40840332,1,0,63.0,159.5,No medication,28,0.80839,10.751272379769812
1873932,66.25664804,0,0,73.0,169.0,No medication,73,0.74089998,1.7393421723624989
540,45.86658172,1,0,77.0,164.0,Glucocorticoids,13,0.99900001,36.203392662934775
2787184,73.97047074,0,0,73.0,155.0,No medication,5,0.58990002,-18.423655272908604
78920,60.55541712,1,0,56.0,175.0,Anticonvulsant,8,0.77199998,5.892119567455395
23456,64.2131031,0,1,86.0,162.5,No medication,11,0.41335,-41.99834762529439
3090,53.3954402,1,0,67.0,171.0,No medication,21,0.80502,10.301276887118254
80976,66.82546218,0,0,76.0,160.0,No medication,10,0.8362,14.464736667793394
90345,57.93459324,1,0,67.0,165.0,Glucocorticoids,37,0.72149998,-0.8511363313288844
4902,40.23236742,0,0,97.0,166.0,Glucocorticoids,14,0.9824,33.98679631932333
20835,69.04817915,1,0,76.0,155.5,No medication,22,0.79436,8.87784900828577
99324,54.15273476,0,0,98.0,162.0,No medication,64,0.76220002,4.583532674824695
10,72.27013664,1,1,65.0,170.5,No medication,10,0.58049999,-19.67883958471552
1098,68.01774844,0,0,34.0,148.0,No medication,5,0.7895,8.228894084165148
45559,88.02415052,0,0,35.0,161.0,No medication,9,0.65089999,-10.278340272350896
3758,69.97770123,0,1,76.0,168.0,No medication,15,0.56599997,-21.61502464209155
3580,71.17212415,1,0,87.0,159.0,Glucocorticoids,22,0.65930002,-9.156685780321888
3679,70.94756425,0,0,98.0,150.0,No medication,20,0.71390002,-1.8659576204481927
13,74.7968828,1,1,45.0,167.0,No medication,17,0.47586,-33.65139859097746
8907,83.21982284,0,0,87.0,159.5,No medication,33,0.477601,-33.41892317474412
9023,81.97955903,1,0,78.0,169.0,No medication,17,0.509,-29.226220363537635
6688,85.90159463,0,1,65.0,164.0,Glucocorticoids,23,0.40617,-42.95709173129977
6902,71.47172115,0,0,45.0,155.0,No medication,13,0.53069998,-26.328625944953465
3790,76.73260358,1,0,54.0,175.0,No medication,8,0.63110002,-12.922226698058852
7799,83.67835729,0,1,76.0,162.5,No medication,8,0.47060001,-34.353764107711044
7792,85.57631118,1,0,67.0,171.0,No medication,21,0.60366,-16.586287623361006
10876,70.81094137,1,0,98.0,160.0,No medication,21,0.77819997,6.720003114780209
7890,68.68328771,0,0,99.0,165.0,No medication,89,0.68880002,-5.217556096873649
2310,86.85986938,1,1,90.0,154.0,No medication,17,0.52689998,-26.836039260109498
3240,80.06020512,1,0,91.0,152.0,No medication,18,0.670959997,-7.599731152897354
45678,61.64450359,0,0,98.0,154.0,No medication,6,0.61220002,-15.44594029186129
10982,66.80418542,0,0,65.0,171.0,No medication,5,0.83899999,14.838618827873331
31,37.46199496,0,0,66.0,145.0,No medication,25,0.90100002,23.117471659998127
27492,63.4419661,1,0,76.0,153.5,No medication,12,0.817601,11.981215549744105
23456,51.04837034,1,1,45.0,172.0,No medication,10,0.75089997,3.074639034843361
26530,48.52365084,1,1,47.0,154.0,No medication,13,0.73140001,0.47081289036697677
2300,41.35119985,0,0,65.0,167.0,No medication,8,0.83700001,14.571561858913912
12156,84.72176364,1,1,40.0,166.0,No medication,16,0.45796,-36.041582365001986
1346,59.07608201,0,0,76.0,162.0,No medication,19,0.90287,23.36716975238641
4510,50.27605888,1,0,98.0,173.5,No medication,18,0.72009999,-1.0380767437197582
24,67.25216263,0,0,65.0,168.0,Anticonvulsant,19,0.61870003,-14.5779951280067
10972,76.94473691,1,1,77.0,155.0,Glucocorticoids,14,0.67439997,-7.140392178166492
8023,82.40717913,0,0,87.0,169.0,No medication,7,0.609999,-15.739842095788857
2018,57.58119772,1,0,78.0,150.0,Anticonvulsant,6,0.7458601,2.4016661020392904
48920,77.81962254,0,1,77.0,160.0,No medication,14,0.48179999,-32.85823279679489
10198,26.74551614,1,0,88.0,170.0,Anticonvulsant,60,0.92789998,26.709418470831015
2007,17.15273476,0,0,86.5,159.5,Glucocorticoids,11,0.82850002,13.436559726099901
20456,72.27013664,1,0,87.0,150.0,No medication,34,0.52869999,-26.59568424921107
10234,71.47172115,0,0,98.0,166.0,No medication,18,0.53869998,-25.260387386730212
45,76.73260358,1,0,45.0,163.0,No medication,28,0.54189998,-24.83309196344091
3009,33.67835729,1,0,33.0,177.0,No medication,11,0.95150002,29.860727558782408
134067,85.57631118,1,1,56.0,155.5,No medication,27,0.55790001,-22.696610841099808
236492,70.81094137,0,1,76.0,168.0,No medication,22,0.56760001,-21.401371589254108
48305,28.68328771,0,0,87.0,142.0,Glucocorticoids,11,0.96349999,31.463081390222687
55,86.85986938,0,0,98.0,151.0,Glucocorticoids,8,0.57209998,-20.800491406148133
891,80.06020512,1,0,76.0,154.0,No medication,13,0.52939999,-26.502213375366534
3109,16.64450359,1,0,77.0,170.0,No medication,11,1.05470002,43.64100495986237
1567,66.80418542,1,0,98.0,162.5,No medication,8,0.56029999,-22.376141944229232
9876,37.46199496,0,0,45.0,162.0,No medication,8,0.905693,23.74412443361944
11890,63.4419661,0,0,56.0,168.5,Glucocorticoids,10,0.60009998,-17.061656452366748
5678,51.04837034,0,0,76.0,156.0,No medication,13,0.6103,-15.699649620035709
3046,48.52365084,0,0,71.0,174.0,No medication,15,0.82040001,12.354966850600654
9873,41.35119985,0,1,70.5,164.5,No medication,6,0.62639999,-13.549820856909601
65,34.72176364,1,0,78.0,159.5,No medication,15,0.94759999,29.33995725575397
5467,59.07608201,1,0,87.0,159.5,No medication,11,0.74069999,1.71263754370511
1950,50.27605888,1,0,88.0,161.0,Glucocorticoids,9,0.8519999,16.574494467302337
11894,67.25216263,1,0,81.0,170.0,No medication,9,0.55549997,-23.01708774975958
16703,77.98254308,1,0,80.0,170.0,No medication,24,0.56150001,-22.215903489899336
5793,50.28530296,0,0,89.0,172.0,No medication,24,0.61019999,-15.713003937311687
3489,46.35972067,0,0,48.0,164.0,No medication,6,0.72970001,0.24381219674453097
87,44.23967859,0,0,52.0,161.0,No medication,8,0.83849998,14.77185258268618
79,79.39970672,1,1,72.0,169.0,No medication,7,0.43880002,-38.60001104135028
92,65.13435742,1,0,77.0,166.0,No medication,7,0.74090002,1.7393475135552872
102,66.55921764,1,0,71.0,165.0,No medication,56,0.64319998,-11.306521219938972
12547,35.81405763,1,1,70.0,161.0,No medication,10,0.84480001,15.613094453181587
104,69.08663791,0,0,76.0,168.0,No medication,14,0.74950001,2.887702628347086
10978,29.26117883,1,0,55.0,159.0,No medication,20,0.97079997,32.43784640400501
3546,59.70722073,0,0,88.0,150.0,Anticonvulsant,7,0.8800002,20.31336948002965
108,61.60041411,1,0,87.0,167.0,Anticonvulsant,26,0.76882,5.467497411158036
67,69.23719028,0,1,89.0,159.5,No medication,9,0.68839997,-5.270974701275798
111,52.32252245,0,0,90.0,169.0,No medication,6,0.68989998,-5.070678636310741
17282,72.77238723,0,0,56.0,164.0,No medication,10,0.6904,-5.003911055825386
222,60.22138607,1,1,83.0,155.0,No medication,12,0.76904,5.496873971509175
8888,58.81240985,0,0,93.0,175.0,No medication,5,0.7076,-2.7071981556453943
11902,54.49762635,1,0,95.0,162.5,No medication,11,0.70850003,-2.587017311950693
19999,52.90099358,1,0,83.0,171.0,No medication,28,0.72460002,-0.437188548824587
3056,57.80229798,0,0,65.0,160.0,No medication,73,0.73989999,1.6058136878827818
1872,38.19132915,0,0,87.0,165.0,No medication,13,0.87450001,19.578930100585403
93,46.08154976,0,0,54.0,154.0,Anticonvulsant,5,0.89409999,22.196111897635973
90233,65.79535204,1,0,87.0,152.0,No medication,8,0.79710001,9.243722049775434
12500,60.18946129,1,0,66.0,154.0,No medication,11,0.7369997,1.2185384868791285
6589,54.99218408,1,0,44.0,171.0,No medication,21,0.80720001,10.59237322953229
6500,51.43071736,0,0,87.0,145.0,No medication,10,0.8664,18.497337225086156
5400,70.19857261,0,1,67.0,153.5,No medication,10,0.57209998,-20.800491406148133
80034,77.15502036,0,0,56.0,172.0,No medication,5,0.52939999,-26.502213375366534
5409,70.42187319,1,0,45.0,154.0,Anticonvulsant,9,0.55470002,-23.123904929090916
39,75.01547985,0,0,44.0,167.0,No medication,15,0.56029999,-22.376141944229232
5631,54.91253353,0,0,87.0,166.0,No medication,22,0.775693,6.385247862491591
3490,70.0285031,1,1,99.0,162.0,No medication,20,0.60009998,-17.061656452366748
5300,48.81687141,0,0,87.0,173.5,No medication,17,0.886103,21.128275264170252
45,49.78743656,1,0,67.0,168.0,No medication,33,0.9620401,31.268142541627117
4300,41.41761507,0,0,77.5,155.0,No medication,17,0.92639999,26.50912507646235
22,67.92438462,1,1,78.5,169.0,No medication,23,0.40759999,-42.76614542431555
4380,60.8313568,0,1,67.0,150.0,Glucocorticoids,13,0.44069999,-38.34630838966685
3458,62.71790768,0,1,59.0,160.0,No medication,8,0.48519999,-32.40423140955001
6600,69.65373122,0,1,72.0,170.0,No medication,8,0.55549997,-23.01708774975958
32890,81.47969034,1,1,62.0,159.5,No medication,21,0.56150001,-22.215903489899336
3599,73.23042708,1,1,56.0,161.0,No medication,21,0.61019999,-15.713003937311687
3571,54.42421077,0,1,87.0,164.0,Glucocorticoids,89,0.62970001,-13.10916978104612
1904,66.64486617,0,1,90.0,145.0,No medication,17,0.63849998,-11.934111372895137
3400,83.84773532,1,1,45.0,153.0,No medication,18,0.43880002,-38.60001104135028
5400,67.65108105,0,1,55.0,165.0,Glucocorticoids,6,0.54090002,-24.966616442026016
1900,82.42315923,1,1,70.0,153.0,No medication,5,0.4319998,-39.50804319240039
32456,54.23390445,0,1,56.0,163.0,No medication,25,0.64480001,-11.092869502399731
3567,42.81703317,0,1,65.0,150.0,No medication,12,0.64950001,-10.465279349443566
3890,69.72844532,0,1,89.0,156.0,No medication,10,0.67079997,-7.621099529366947
78032,76.8639147,1,1,67.0,169.0,No medication,13,0.48800002,-32.03034390827728
674902,43.45071208,0,1,87.0,151.0,No medication,8,0.6882,-5.297676659336778
570242,67.57338008,1,1,98.0,164.5,Glucocorticoids,16,0.68839997,-5.270974701275798
44,56.20812741,0,1,93.0,167.0,No medication,19,0.68989998,-5.070678636310741
58320,88.7537953,1,1,74.0,165.0,Glucocorticoids,18,0.446904,-37.51788805246652
10000,70.40792405,0,1,56.0,159.0,No medication,19,0.556904,-22.829607876896805
34788,62.06523735,1,1,71.0,150.5,Glucocorticoids,14,0.557076,-22.806640747895
990134,61.18467166,0,1,70.0,153.0,Anticonvulsant,7,0.5085003,-29.292945214480653
3209,48.28948823,0,1,76.0,153.0,No medication,6,0.62460002,-13.790170526615238
880913,49.73132379,1,1,87.0,148.5,No medication,14,0.53989999,-25.10015026769852
678213,78.24717531,0,1,49.0,149.0,No medication,60,0.47450001,-33.83299781057721
33,54.1918766,1,1,50.0,160.0,No medication,11,0.69409999,-4.509852057945332
74201,77.17775151,0,1,80.0,160.5,Glucocorticoids,34,0.49710001,-30.815223883596527
264909,56.18061769,0,1,98.0,175.0,No medication,18,0.60369997,-16.58095043646448
606343,49.91613988,1,1,78.0,158.0,Glucocorticoids,28,0.60720001,-16.11359072604901
45325,68.40840332,0,0,65.0,166.0,No medication,11,0.8664,18.497337225086156
67890,66.25664804,1,1,77.0,165.5,Glucocorticoids,27,0.7908999,8.41582247887224
61574,45.86658172,0,1,65.0,164.0,Anticonvulsant,22,0.78079001,7.065850689197787
51000,73.97047074,0,1,68.0,157.0,No medication,11,0.49950001,-30.49475231612955
44000,60.55541712,0,1,89.0,148.5,No medication,8,0.63500001,-12.401461736223219
95,64.2131031,1,0,45.0,165.0,No medication,13,0.77003,5.629068493089309
43007,53.3954402,1,1,67.0,160.0,No medication,11,0.660128,-9.046125760142168
330028,66.82546218,0,1,87.0,154.0,No medication,12,0.670265,-7.692533977053536
69000,57.93459324,1,1,78.0,152.0,No medication,5,0.658994,-9.197548575770325
352983,40.23236742,1,0,78.0,164.5,No medication,11,1.0031,36.750863588726
3985,69.04817915,0,1,55.0,158.0,Glucocorticoids,28,0.50609998,-29.61345951148996
6809,57.80229798,0,1,67.0,166.0,No medication,73,0.71280003,-2.012839086905684
3201,58.19132915,0,1,98.0,148.5,Glucocorticoids,13,0.670266,-7.692400447233754
22901,46.08154976,0,1,54.0,161.5,No medication,5,0.65963,-9.112623610391566
14000,65.79535204,1,0,66.0,160.0,Glucocorticoids,8,0.84289998,15.359383789708964
58902,60.18946129,1,1,75.0,166.0,Anticonvulsant,11,0.52619997,-26.92951146925224
38029,54.99218408,1,1,65.0,164.0,No medication,21,0.61709999,-14.79164818084413
3095,51.43071736,0,1,56.0,164.0,No medication,10,0.61280003,-15.365821064696336
26789,70.19857261,0,1,44.0,150.5,No medication,37,0.44880002,-37.26471284357121
100,15.7412248,0,1,45.0,170.0,No medication,14,1.3624001,84.72814118790977
1300,70.7789,1,1,77.0,176.0,No medication,22,0.560015,-22.414196607567728
1879,78.24717531,0,0,76.0,173.5,No medication,64,0.719799,-1.0782678841747178
67100,54.1918766,0,0,83.0,158.0,No medication,10,0.75140001,3.14140928592511
23577,77.17775151,0,0,76.0,152.0,No medication,5,0.71710002,-1.4386621971588944
12078,56.18061769,0,0,87.0,177.0,No medication,9,0.75479999,3.5954080025735924
3234,49.91613988,1,0,66.0,161.0,No medication,15,0.77766,6.647901017994739
88920,68.40840332,1,0,55.0,157.0,No medication,22,0.7999,9.617604209855386
11956,66.25664804,0,0,76.0,159.0,No medication,20,0.70129999,-3.5484373555444066
27490,45.86658172,1,0,76.0,168.5,No medication,17,0.9716,32.54467426572194
101,73.97047074,1,0,65.0,0.0,No medication,33,0.8509997,16.440937941560474
15467,60.55541712,1,0,74.0,163.0,No medication,17,0.75600001,3.7556464569034715
274030,64.2131031,0,0,88.0,175.0,No medication,23,0.70950001,-2.4534901627691807
11845,53.3954402,1,0,78.0,159.0,No medication,13,0.7338003,0.7913231814816842
68902,66.82546218,0,0,64.0,158.0,No medication,8,0.73839998,1.4055176229177249
3666,57.93459324,1,0,52.0,165.0,No medication,8,0.73470002,0.9114626309322688
762902,40.23236742,0,0,59.0,149.5,Glucocorticoids,21,0.93460001,27.604072269237594
10827,69.04817915,1,0,57.0,166.0,No medication,14,0.84960003,16.25404025871192
34552,57.80229798,0,0,93.0,149.0,Glucocorticoids,20,0.82508,12.97988507186307
18567,58.19132915,1,0,68.0,166.0,No medication,7,0.88190001,20.567050766941907
23554,46.08154976,0,0,65.0,148.5,No medication,26,0.887755,21.348866526443352
10293,27.79535204,0,0,53.0,161.5,Glucocorticoids,9,0.8599,17.62939339652977
3690,16.18946129,0,0,54.0,160.0,No medication,6,0.98829,34.773286957815195
23425,54.99218408,1,0,50.0,166.0,Glucocorticoids,10,0.79659998,9.176953133991889
47922,51.43071736,1,0,67.0,164.0,No medication,12,0.77579999,6.399534217909633
24567,70.19857261,1,0,60.0,164.0,No medication,5,0.70359998,-3.2413201053534153
123,77.15502036,0,0,76.5,150.5,No medication,11,0.6379999,-12.000886965169675
578765,70.42187319,1,0,77.0,170.0,No medication,28,0.75099999,3.0879946874175443
7654345,15.01547985,0,0,78.0,176.0,No medication,73,1.0839,47.540073026780846
123498,19.91253353,0,0,76.0,173.5,No medication,13,0.94089998,28.4453061279438
14589,70.0285031,0,0,83.0,158.0,No medication,5,0.79900001,9.497428707353459
2356,48.81687141,0,0,76.0,152.0,No medication,8,0.8990002,22.850436055809876
2330,49.78743656,1,1,65.0,177.0,No medication,11,0.67199998,-7.460862410335257
3500,41.41761507,1,0,76.0,161.0,Glucocorticoids,21,1.1335,54.16315208776499
12121,27.92438462,1,0,86.0,157.0,No medication,10,1.0502,43.04011810026539
176,60.8313568,1,0,98.0,159.0,No medication,37,0.78362,7.443738743871058
10101,62.71790768,0,1,65.0,168.5,No medication,14,0.72149998,-0.8511363313288844
10014,69.65373122,0,0,74.0,145.0,No medication,22,0.79824,9.395944709024047
19012,18.47969034,1,0,72.0,163.0,Glucocorticoids,64,0.9436,28.80583931194055
7669,27.23042708,0,1,76.0,175.0,No medication,34,0.86220002,17.936514652615347
34903,44.42421077,0,1,56.0,159.0,No medication,10,0.78049999,7.027124370865798
198,66.64486617,0,0,45.0,158.0,No medication,7,0.7895,8.228894084165148
264905,83.84773532,0,0,98.0,165.0,Glucocorticoids,21,0.650899,-10.278472466872474
253849,67.65108105,1,0,82.0,149.5,No medication,35,0.76599997,5.09093931348975
3509,82.42315923,1,0,80.0,166.0,No medication,32,0.5930002,-18.009688796229533
208344,54.23390445,0,0,93.0,149.0,Glucocorticoids,20,0.91390002,24.840006335133126
234072,42.81703317,1,0,70.0,165.5,No medication,38,0.887586,21.32629998690089
585035,69.72844532,1,0,92.0,154.0,Anticonvulsant,47,0.87760001,19.99287254189691
277792,76.8639147,0,0,78.0,161.0,No medication,8,0.509,-29.226220363537635
329345,33.45071208,1,0,56.0,165.0,No medication,12,1.0617,44.57571102771132
178,67.57338008,0,0,84.0,175.5,No medication,26,0.73069998,0.3773380106278538
248283,56.20812741,1,1,83.0,157.0,Glucocorticoids,59,0.53110002,-26.275208675849505
239482,88.7537953,0,0,94.0,161.0,Glucocorticoids,21,0.67060001,-7.6478001521297365
2482488,20.4079,0,0,97.0,152.0,No medication,96,1.0366,41.224112551285856
44444,62.06523735,0,0,78.0,154.0,No medication,9,0.77819997,6.720003114780209
3409,61.18467166,1,0,78.0,172.0,No medication,23,0.88880002,21.48840785870767
19055,48.28948823,1,0,87.0,159.0,No medication,24,0.926898,26.575624262009953
1679,49.73132379,1,0,56.0,144.0,No medication,6,0.90959997,24.26582143359714
289,36.64831103,0,0,56.0,150.5,No medication,11,1.0220002,39.274603888492365
15678,63.67318436,1,0,67.0,166.5,Glucocorticoids,7,0.83899999,14.838618827873331
10925,74.17835572,1,0,87.0,162.0,No medication,7,0.70100002,-3.5884922955831904
90661,63.28728844,0,0,88.0,176.0,No medication,14,0.67176001,-7.492905561187373
42784,56.95872053,1,0,98.0,162.0,No medication,13,0.75089997,3.074639034843361
254,46.56490164,0,1,89.0,168.0,No medication,29,0.73140001,0.47081289036697677
56832,47.02465066,1,0,87.0,158.0,Glucocorticoids,15,0.83700001,14.571561858913912
54678,84.78739433,1,0,67.0,152.0,No medication,34,0.66796,-8.000320211641611
17890,25.40617797,1,0,87.0,177.0,No medication,17,1.0287,40.16922697504039
11555,51.59653972,0,0,78.0,161.0,No medication,7,0.72009999,-1.0380767437197582
10333,61.17008505,0,0,75.0,157.0,No medication,23,0.81870003,12.127968827574618
1777,73.94030609,0,0,69.0,159.0,No medication,38,0.67439997,-7.140392178166492
3602,54.77277445,0,0,68.0,168.5,No medication,11,0.86809999,18.724336583410413
1666,16.67269226,1,1,62.0,145.0,No medication,6,0.45860001,-35.95612194504593
1555,59.46131701,1,1,59.0,163.0,No medication,32,0.48179999,-32.85823279679489
58,50.36051644,1,0,40.0,175.0,No medication,20,0.92789998,26.709418470831015
2400,55.41170957,0,0,76.0,159.0,No medication,48,0.52850002,-26.62238620727207
9800,56.54581828,1,0,99.0,158.0,No medication,8,0.52869999,-26.59568424921107
3488,63.48783737,1,0,87.0,165.0,No medication,49,0.53869998,-25.260387386730212
90,32.08055823,0,0,76.0,149.5,No medication,6,0.54189998,-24.83309196344091
7688,58.26221496,1,0,45.0,166.0,No medication,10,0.8515002,16.50776961635932
45544,58.67087154,0,1,54.0,149.0,No medication,14,0.55790001,-22.696610841099808
333,58.33505192,1,1,78.0,165.5,No medication,25,0.56760001,-21.401371589254108
1007,39.25494707,0,0,99.0,154.0,No medication,26,0.963499,31.46294919570111
321,60.23658177,1,0,79.0,161.0,Anticonvulsant,9,0.7209998,-0.9179252765854075
340,36.76954463,0,0,78.0,165.0,Glucocorticoids,6,1.0908999,48.474768412244195
3400,44.23967859,1,0,70.0,175.5,No medication,10,0.80790001,10.685844103376828
440,79.39970672,0,1,66.0,157.0,Anticonvulsant,14,0.49950001,-30.49475231612955
921,65.13435742,1,1,62.0,161.0,No medication,20,0.43500001,-39.10742569180452
988,66.55921764,0,1,61.0,152.0,Anticonvulsant,7,0.71003,-2.3827206935850755
981,35.81405763,1,1,70.0,154.0,No medication,26,1.0128,38.04610284057167
999,69.08663791,0,1,71.0,172.0,No medication,9,0.770265,5.660448000737115
20564,59.26117883,0,1,54.0,159.0,No medication,6,0.448994,-37.23881072913069
21309,19.702073,0,1,87.0,144.0,No medication,10,1.0031,36.750863588726
11455,61.60041411,1,1,67.0,150.5,No medication,12,0.660609,-8.981897916829002
10944,69.23719028,1,1,98.0,166.5,No medication,5,0.412803,-42.071388436712915
1087,52.32252245,1,1,45.0,162.0,No medication,11,0.70266,-3.36683546534826
1444,72.77238723,1,1,78.0,176.0,Glucocorticoids,28,0.44963,-37.15388576375195
1502,60.22138607,0,1,88.0,162.0,No medication,73,0.4289998,-39.908632651734116
3560,58.81240985,0,1,87.0,168.0,No medication,13,0.62619997,-13.576529491461574
1610,54.49762635,0,1,66.0,159.0,No medication,5,0.61709999,-14.79164818084413
1071,52.90099358,0,1,67.0,150.5,No medication,8,0.51280003,-28.718803042487
300,63.02469707,1,1,55.0,156.0,Glucocorticoids,11,0.5880002,-18.677337895119067
1099,64.0659499,0,1,54.0,154.0,No medication,21,0.524001,-27.223139537049253
9128,25.79292063,0,0,55.0,167.0,No medication,10,0.80015,9.65098666479986
10209,49.20966328,1,1,45.0,165.0,Glucocorticoids,37,0.6197999,-14.431129685127573
2008,68.57130833,1,1,76.0,155.0,No medication,14,0.55140001,-23.564554669656193
3104,77.9064001,0,1,98.0,189.0,No medication,22,0.41710002,-41.49760813053085
